0 288.19
1000 281.7
2000 275.21
3000 268.71999999999997
4000 262.22999999999996
5000 255.73999999999998
6000 249.24999999999997
7000 242.76
8000 236.26999999999998
9000 229.77999999999997
10000 223.28999999999996
11000 216.79999999999998
12000 216.68999999999997
13000 216.68999999999997
14000 216.68999999999997
15000 216.68999999999997
16000 216.68999999999997
17000 216.68999999999997
18000 216.68999999999997
19000 216.68999999999997
20000 216.68999999999997
21000 217.68999999999997
22000 218.68999999999997
23000 219.68999999999997
24000 220.68999999999997
25000 221.68999999999997
26000 222.68999999999997
27000 223.68999999999997
28000 224.68999999999997
29000 225.68999999999997
30000 226.68999999999997
31000 227.68999999999997
32000 228.68999999999997
33000 231.48999999999998
34000 234.28999999999996
35000 237.08999999999997
36000 239.89
37000 242.68999999999997
38000 245.48999999999998
39000 248.28999999999996
40000 251.08999999999997
41000 253.89
42000 256.69
43000 259.48999999999995
44000 262.28999999999996
45000 265.09
46000 267.89
47000 270.69
48000 270.65
49000 270.65
50000 270.65
51000 270.65
52000 267.84999999999997
53000 265.04999999999995
54000 262.25
55000 259.45
56000 256.65
57000 253.84999999999997
58000 251.04999999999998
59000 248.24999999999997
60000 245.45
61000 242.64999999999998
62000 239.84999999999997
63000 237.04999999999998
64000 234.24999999999997
65000 231.45
66000 228.64999999999998
67000 225.84999999999997
68000 223.04999999999998
69000 220.24999999999997
70000 217.45
71000 214.64999999999998
72000 212.64999999999998
73000 210.64999999999998
74000 208.64999999999998
75000 206.64999999999998
76000 204.64999999999998
77000 202.64999999999998
78000 200.64999999999998
79000 198.64999999999998
80000 196.64999999999998
81000 194.64999999999998
82000 192.64999999999998
83000 190.64999999999998
84000 188.64999999999998
85000 183.14999999999998
86000 183.15249999999997
87000 183.15999999999997
88000 183.17249999999996
89000 183.19
90000 183.21249999999998
91000 183.23999999999998
92000 183.27249999999998
93000 183.30999999999997
94000 183.35249999999996
95000 183.39999999999998
96000 183.4525
97000 183.51
98000 183.5725
99000 183.64
100000 183.71249999999998
101000 183.78999999999996
102000 183.87249999999997
103000 183.95999999999998
104000 184.05249999999998
105000 184.14999999999998
106000 184.2525
107000 184.35999999999996
108000 184.47249999999997
109000 184.58999999999997
110000 184.71249999999998
111000 184.83999999999997
112000 184.97249999999997
113000 185.10999999999996
114000 185.2525
115000 185.39999999999998
116000 185.55249999999998
117000 185.70999999999998
118000 185.87249999999997
119000 186.03999999999996
120000 186.21249999999998
121000 186.39
122000 186.5725
123000 186.76
124000 186.9525
125000 187.14999999999998
126000 187.35249999999996
127000 187.55999999999997
128000 187.77249999999998
129000 187.98999999999998
130000 188.21249999999998
131000 188.44
132000 188.67249999999996
133000 188.90999999999997
134000 189.15249999999997
135000 189.39999999999998
136000 189.65249999999997
137000 189.90999999999997
138000 190.17249999999996
139000 190.44
140000 190.71249999999998
141000 190.98999999999998
142000 191.27249999999998
143000 191.55999999999997
144000 191.85249999999996
145000 192.14999999999998
146000 192.4525
147000 192.76
148000 193.0725
149000 193.39
150000 193.71249999999998
151000 194.03999999999996
152000 194.37249999999997
153000 194.70999999999998
154000 195.05249999999998
155000 195.39999999999998
156000 195.7525
157000 196.10999999999999
158000 196.47249999999997
159000 196.83999999999997
160000 197.21249999999998
161000 197.58999999999997
162000 197.97249999999997
163000 198.35999999999999
164000 198.7525
165000 199.14999999999998
166000 199.55249999999998
167000 199.95999999999998
168000 200.37249999999997
169000 200.78999999999996
170000 201.21249999999998
171000 201.64
172000 202.0725
173000 202.51
174000 202.9525
175000 203.39999999999998
176000 203.85249999999996
177000 204.30999999999997
178000 204.77249999999998
179000 205.23999999999998
180000 205.71249999999998
181000 206.18999999999997
182000 206.67249999999999
183000 207.15999999999997
184000 207.65249999999997
185000 208.14999999999998
186000 208.65249999999997
187000 209.15999999999997
188000 209.67249999999999
189000 210.18999999999997
190000 210.71249999999998
191000 211.23999999999998
192000 211.77249999999998
193000 212.30999999999997
194000 212.85249999999996
195000 213.39999999999998
196000 213.9525
197000 214.51
198000 215.0725
199000 215.64
200000 216.21249999999998
201000 216.78999999999996
202000 217.37249999999997
203000 217.95999999999998
204000 218.55249999999998
205000 219.14999999999998
206000 219.75249999999997
207000 220.35999999999999
208000 220.97249999999997
209000 221.58999999999997
210000 222.21249999999998
211000 222.83999999999997
212000 223.47249999999997
213000 224.10999999999999
214000 224.75249999999997
215000 225.39999999999998
216000 226.05249999999998
217000 226.70999999999998
218000 227.37249999999997
219000 228.03999999999996
220000 228.71249999999998
221000 229.39
222000 230.0725
223000 230.76
224000 231.4525
225000 232.14999999999998
226000 232.85249999999996
227000 233.55999999999997
228000 234.27249999999998
229000 234.98999999999998
230000 235.71249999999998
231000 236.43999999999997
232000 237.17249999999999
233000 237.90999999999997
234000 238.65249999999997
235000 239.39999999999998
236000 240.15249999999997
237000 240.90999999999997
238000 241.67249999999999
239000 242.43999999999997
240000 243.21249999999998
241000 243.98999999999998
242000 244.77249999999998
243000 245.55999999999997
244000 246.35249999999996
245000 247.14999999999998
246000 247.9525
247000 248.76
248000 249.5725
249000 250.39
250000 251.21249999999998
251000 252.03999999999996
252000 252.87249999999997
253000 253.70999999999998
254000 254.55249999999998
255000 255.39999999999998
256000 256.2525
257000 257.11
258000 257.97249999999997
259000 258.84
260000 259.7125
261000 260.59
262000 261.47249999999997
263000 262.36
264000 263.2525
265000 264.15
266000 265.0525
267000 265.96
268000 266.87249999999995
269000 267.78999999999996
270000 268.7125
271000 269.64
272000 270.5725
273000 271.51
274000 272.4525
275000 273.4
276000 274.35249999999996
277000 275.30999999999995
278000 276.2725
279000 277.24
280000 278.2125
281000 279.19
282000 280.1725
283000 281.15999999999997
284000 282.1525
285000 283.15
286000 284.1525
287000 285.15999999999997
288000 286.1725
289000 287.19
290000 288.2125
291000 289.24
292000 290.2725
293000 291.30999999999995
294000 292.35249999999996
295000 293.4
296000 294.4525
297000 295.51
298000 296.5725
299000 297.64
300000 298.7125
301000 299.78999999999996
302000 300.87249999999995
303000 301.96
304000 303.0525
305000 304.15
306000 305.2525
307000 306.36
308000 307.47249999999997
309000 308.59
310000 309.7125
311000 310.84
312000 311.97249999999997
313000 313.11
314000 314.25249999999994
315000 315.4
316000 316.5525
317000 317.71
318000 318.87249999999995
319000 320.03999999999996
320000 321.2125
321000 322.39
322000 323.5725
323000 324.76
324000 325.9525
325000 327.15
326000 328.35249999999996
327000 329.55999999999995
328000 330.7725
329000 331.99
330000 333.2125
331000 334.43999999999994
332000 335.6725
333000 336.90999999999997
334000 338.1525
335000 339.4
336000 340.6525
337000 341.90999999999997
338000 343.1725
339000 344.43999999999994
340000 345.7125
341000 346.99
342000 348.2725
343000 349.55999999999995
344000 350.85249999999996
345000 352.15
346000 353.4525
347000 354.76
348000 356.0725
349000 357.39
350000 358.7125
351000 360.03999999999996
352000 361.37249999999995
353000 362.71
354000 364.0525
355000 365.4
356000 366.75249999999994
357000 368.11
358000 369.47249999999997
359000 370.84
360000 372.2125
361000 373.59
362000 374.97249999999997
363000 376.36
364000 377.75249999999994
365000 379.15
366000 380.5525
367000 381.96
368000 383.37249999999995
369000 384.78999999999996
370000 386.2125
371000 387.64
372000 389.0725
373000 390.51
374000 391.9525
375000 393.4
376000 394.85249999999996
377000 396.30999999999995
378000 397.7725
379000 399.24
380000 400.7125
381000 402.18999999999994
382000 403.6725
383000 405.15999999999997
384000 406.6525
385000 408.15
386000 409.6525
387000 411.15999999999997
388000 412.6725
389000 414.18999999999994
390000 415.7125
391000 417.24
392000 418.7725
393000 420.30999999999995
394000 421.85249999999996
395000 423.4
396000 424.9525
397000 426.51
398000 428.0725
399000 429.64
400000 431.2125
401000 432.78999999999996
402000 434.37249999999995
403000 435.96
404000 437.5525
405000 439.15
406000 440.7525
407000 442.35999999999996
408000 443.97249999999997
409000 445.59
410000 447.2125
411000 448.84
412000 450.47249999999997
413000 452.10999999999996
414000 453.7525
415000 455.4
416000 457.0525
417000 458.71
418000 460.3725
419000 462.03999999999996
420000 463.7125
421000 465.39
422000 467.0725
423000 468.76
424000 470.4525
425000 472.15
426000 473.85249999999996
427000 475.56
428000 477.2725
429000 478.99
430000 480.7125
431000 482.44
432000 484.17249999999996
433000 485.90999999999997
434000 487.6525
435000 489.4
436000 491.1525
437000 492.90999999999997
438000 494.67249999999996
439000 496.44
440000 498.2125
441000 499.99
442000 501.7725
443000 503.56
444000 505.35249999999996
445000 507.15
446000 508.9525
447000 510.76
448000 512.5725
449000 514.39
450000 516.2125
451000 518.04
452000 519.8725
453000 521.71
454000 523.5525
455000 525.4
456000 527.2525
457000 529.1099999999999
458000 530.9725
459000 532.8399999999999
460000 534.7125
461000 536.5899999999999
462000 538.4725
463000 540.3599999999999
464000 542.2525
465000 544.15
466000 546.0525
467000 547.96
468000 549.8725
469000 551.79
470000 553.7125
471000 555.64
472000 557.5725
473000 559.51
474000 561.4525
475000 563.4
476000 565.3525
477000 567.31
478000 569.2725
479000 571.24
480000 573.2125
481000 575.19
482000 577.1725
483000 579.16
484000 581.1524999999999
485000 583.15
486000 585.1524999999999
487000 587.16
488000 589.1725
489000 591.19
490000 593.2125
491000 595.24
492000 597.2725
493000 599.31
494000 601.3525
495000 603.4
496000 605.4525
497000 607.51
498000 609.5725
499000 611.64
500000 613.7125
501000 615.79
502000 617.8725
503000 619.96
504000 622.0525
505000 624.15
506000 626.2525
507000 628.36
508000 630.4725
509000 632.5899999999999
510000 634.7125
511000 636.8399999999999
512000 638.9725
513000 641.11
514000 643.2525
515000 645.4
516000 647.5525
517000 649.71
518000 651.8725
519000 654.04
520000 656.2125
521000 658.39
522000 660.5725
523000 662.76
524000 664.9525
525000 667.15
526000 669.3525
527000 671.56
528000 673.7725
529000 675.99
530000 678.2125
531000 680.44
532000 682.6725
533000 684.91
534000 687.1524999999999
535000 689.4
536000 691.6524999999999
537000 693.91
538000 696.1725
539000 698.4399999999999
540000 700.7125
541000 702.99
542000 705.2725
543000 707.56
544000 709.8525
545000 712.15
546000 714.4525
547000 716.76
548000 719.0725
549000 721.39
550000 723.7125
551000 726.04
552000 728.3725
553000 730.71
554000 733.0525
555000 735.4
556000 737.7524999999999
557000 740.11
558000 742.4725
559000 744.84
560000 747.2125
561000 749.59
562000 751.9725
563000 754.36
564000 756.7524999999999
565000 759.15
566000 761.5525
567000 763.96
568000 766.3725
569000 768.79
570000 771.2125
571000 773.64
572000 776.0725
573000 778.51
574000 780.9525
575000 783.4
576000 785.8525
577000 788.31
578000 790.7725
579000 793.24
580000 795.7125
581000 798.1899999999999
582000 800.6725
583000 803.16
584000 805.6525
585000 808.15
586000 810.6525
587000 813.16
588000 815.6725
589000 818.1899999999999
590000 820.7125
591000 823.24
592000 825.7725
593000 828.31
594000 830.8525
595000 833.4
596000 835.9525
597000 838.51
598000 841.0725
599000 843.64
600000 846.2125
