0.00 0.200
0.10 0.200
0.20 0.200
0.30 0.200
0.40 0.200
0.50 0.200
0.60 0.200
0.70 0.200
0.80 0.200
0.85 0.200
0.90 0.333
0.95 0.362
1.00 0.380
1.05 0.393
1.10 0.402
1.15 0.408
1.20 0.411
1.25 0.411
1.30 0.409
1.35 0.405
1.40 0.399
1.45 0.392
1.50 0.384
1.60 0.366
1.70 0.349
1.80 0.333
1.90 0.319
2.00 0.305
2.20 0.281
2.40 0.262
2.60 0.246
2.80 0.232
3.00 0.220
3.20 0.210
3.40 0.201
3.60 0.193
3.80 0.186
4.00 0.179
4.50 0.165
5.00 0.153
5.50 0.144
6.00 0.136
6.50 0.130
7.00 0.125
7.50 0.125
8.00 0.125
8.50 0.125
9.00 0.125
9.50 0.125
10.00 0.125
11.00 0.125
15.00 0.125
20.00 0.125
25.00 0.125
30.00 0.125


